{
    "w": 1080,
    "h": 1920,
    "fl_x": 896.7252592579678,
    "fl_y": 898.1320223091716,
    "cx": 539.360656342044,
    "cy": 964.9796529515039,
    "k1": -0.0038884335989903015,
    "k2": 0.0019939561134228252,
    "p1": 0.0016429046297569663,
    "p2": -0.0007244060246852478,
    "camera_model": "OPENCV",
    "frames": [
        {
            "file_path": "images/frame_00340.png",
            "transform_matrix": [
                [
                    0.8714499631285524,
                    0.14126618736173127,
                    -0.46970078355430167,
                    -1.5109168872291336
                ],
                [
                    -0.46848458179077235,
                    -0.04385297856334816,
                    -0.8823826340627108,
                    -4.3113041838866035
                ],
                [
                    -0.1452486089006355,
                    0.9889998890694593,
                    0.027965354155230635,
                    -1.7378440685854077
                ],
                [
                    0.0,
                    0.0,
                    0.0,
                    1.0
                ]
            ],
            "colmap_im_id": 340
        },
        {
            "file_path": "images/frame_00339.png",
            "transform_matrix": [
                [
                    0.8723378507153847,
                    0.13874224262789467,
                    -0.46880407882168174,
                    -1.5500092654782578
                ],
                [
                    -0.4667740014924468,
                    -0.04887558268704063,
                    -0.8830250330243936,
                    -4.19851649005573
                ],
                [
                    -0.14542594589684615,
                    0.9891217152239579,
                    0.022125251013783192,
                    -1.699823906200082
                ],
                [
                    0.0,
                    0.0,
                    0.0,
                    1.0
                ]
            ],
            "colmap_im_id": 339
        },
        {
            "file_path": "images/frame_00338.png",
            "transform_matrix": [
                [
                    0.874579740888894,
                    0.13634653575154537,
                    -0.46531698767105817,
                    -1.588219856140776
                ],
                [
                    -0.46258379625164614,
                    -0.0530491992539602,
                    -0.8849870134097614,
                    -4.087640549070857
                ],
                [
                    -0.14534960705874192,
                    0.9892398114952038,
                    0.01667594317581885,
                    -1.6578592661681903
                ],
                [
                    0.0,
                    0.0,
                    0.0,
                    1.0
                ]
            ],
            "colmap_im_id": 338
        },
        {
            "file_path": "images/frame_00337.png",
            "transform_matrix": [
                [
                    0.8746787363144027,
                    0.1373605111790125,
                    -0.4648324410022172,
                    -1.581402903578045
                ],
                [
                    -0.46236023911907814,
                    -0.05135864914334568,
                    -0.885203535035824,
                    -4.009772625742668
                ],
                [
                    -0.1454651763178675,
                    0.9891887479782667,
                    0.018587720462730658,
                    -1.6236213129059633
                ],
                [
                    0.0,
                    0.0,
                    0.0,
                    1.0
                ]
            ],
            "colmap_im_id": 337
        },
        {
            "file_path": "images/frame_00336.png",
            "transform_matrix": [
                [
                    0.8754878316343927,
                    0.1378316448555189,
                    -0.4631668104868173,
                    -1.5250580107236464
                ],
                [
                    -0.4606704758276515,
                    -0.05144665981230819,
                    -0.88607897723334,
                    -3.956610427892046
                ],
                [
                    -0.14595810823943425,
                    0.989118637409375,
                    0.018454044775789772,
                    -1.5995591709485149
                ],
                [
                    0.0,
                    0.0,
                    0.0,
                    1.0
                ]
            ],
            "colmap_im_id": 336
        },
        {
            "file_path": "images/frame_00335.png",
            "transform_matrix": [
                [
                    0.8788290196742734,
                    0.13590531223790064,
                    -0.45737216824362437,
                    -1.4279217307380019
                ],
                [
                    -0.45400194812698963,
                    -0.05668196034381432,
                    -0.8891959213067053,
                    -3.9213230036670352
                ],
                [
                    -0.14677120042860503,
                    0.9890990352220049,
                    0.011887524874643344,
                    -1.582750105137734
                ],
                [
                    0.0,
                    0.0,
                    0.0,
                    1.0
                ]
            ],
            "colmap_im_id": 335
        },
        {
            "file_path": "images/frame_00334.png",
            "transform_matrix": [
                [
                    0.8817247477221447,
                    0.13519680115675656,
                    -0.4519770947861193,
                    -1.2818590398701197
                ],
                [
                    -0.44813759638630246,
                    -0.05936301679054537,
                    -0.8919914388281048,
                    -3.8695575902474846
                ],
                [
                    -0.14742511305550282,
                    0.9890388552501393,
                    0.008244928505836751,
                    -1.552350228202075
                ],
                [
                    0.0,
                    0.0,
                    0.0,
                    1.0
                ]
            ],
            "colmap_im_id": 334
        },
        {
            "file_path": "images/frame_00333.png",
            "transform_matrix": [
                [
                    0.8870159394117035,
                    0.13392434706448286,
                    -0.44189024937525473,
                    -1.1387014093716867
                ],
                [
                    -0.4375537948668981,
                    -0.061866979776298334,
                    -0.8970613989080878,
                    -3.8182447402655773
                ],
                [
                    -0.1474767772469596,
                    0.9890585149912573,
                    0.0037221090982978776,
                    -1.5408388981507124
                ],
                [
                    0.0,
                    0.0,
                    0.0,
                    1.0
                ]
            ],
            "colmap_im_id": 333
        },
        {
            "file_path": "images/frame_00332.png",
            "transform_matrix": [
                [
                    0.8928904285774738,
                    0.13435267138911602,
                    -0.42976277438296534,
                    -1.0321395951201016
                ],
                [
                    -0.4256141183593127,
                    -0.05969686793598684,
                    -0.9029335004372462,
                    -3.777723766201181
                ],
                [
                    -0.1469670194566128,
                    0.9891337845050291,
                    0.003879631786400934,
                    -1.5228031659402972
                ],
                [
                    0.0,
                    0.0,
                    0.0,
                    1.0
                ]
            ],
            "colmap_im_id": 332
        },
        {
            "file_path": "images/frame_00331.png",
            "transform_matrix": [
                [
                    0.8978349778054343,
                    0.13466220938564005,
                    -0.4192355447627185,
                    -0.9819141085004991
                ],
                [
                    -0.4153706216058626,
                    -0.056994520438776564,
                    -0.9078650072266876,
                    -3.7199537497546937
                ],
                [
                    -0.14614923652169617,
                    0.9892510874410663,
                    0.004763051626151741,
                    -1.499112406052093
                ],
                [
                    0.0,
                    0.0,
                    0.0,
                    1.0
                ]
            ],
            "colmap_im_id": 331
        },
        {
            "file_path": "images/frame_00330.png",
            "transform_matrix": [
                [
                    0.902209355867314,
                    0.13539268933720763,
                    -0.40949615121454447,
                    -0.9587808389996766
                ],
                [
                    -0.4064722175619108,
                    -0.0505584164388486,
                    -0.9122632201714035,
                    -3.666622353134581
                ],
                [
                    -0.14421724770563815,
                    0.9895012209195271,
                    0.009419090347600642,
                    -1.4528077528024312
                ],
                [
                    0.0,
                    0.0,
                    0.0,
                    1.0
                ]
            ],
            "colmap_im_id": 330
        },
        {
            "file_path": "images/frame_00329.png",
            "transform_matrix": [
                [
                    0.9067337843929059,
                    0.1351472516014835,
                    -0.3994609675864276,
                    -0.9339020526317785
                ],
                [
                    -0.39684239674399907,
                    -0.046978256084669975,
                    -0.9166837816835868,
                    -3.589241466096507
                ],
                [
                    -0.14265327331329627,
                    0.9897112022402337,
                    0.011035387315065108,
                    -1.4554688009695615
                ],
                [
                    0.0,
                    0.0,
                    0.0,
                    1.0
                ]
            ],
            "colmap_im_id": 329
        },
        {
            "file_path": "images/frame_00328.png",
            "transform_matrix": [
                [
                    0.9127960870233905,
                    0.1360541753543267,
                    -0.3850877366048435,
                    -0.8455656377739126
                ],
                [
                    -0.3838837063330951,
                    -0.03604653960820002,
                    -0.9226775964518921,
                    -3.5274056762034713
                ],
                [
                    -0.139415219853333,
                    0.9900454072167238,
                    0.019325840792013126,
                    -1.439285259463578
                ],
                [
                    0.0,
                    0.0,
                    0.0,
                    1.0
                ]
            ],
            "colmap_im_id": 328
        },
        {
            "file_path": "images/frame_00327.png",
            "transform_matrix": [
                [
                    0.9183446247122607,
                    0.13422093593379988,
                    -0.3723276656644679,
                    -0.724121122433573
                ],
                [
                    -0.3716184775538989,
                    -0.0312466248191819,
                    -0.9278595559554967,
                    -3.488411035199582
                ],
                [
                    -0.1361721608942862,
                    0.9904586759650623,
                    0.021183809924481656,
                    -1.4304917126330403
                ],
                [
                    0.0,
                    0.0,
                    0.0,
                    1.0
                ]
            ],
            "colmap_im_id": 327
        },
        {
            "file_path": "images/frame_00326.png",
            "transform_matrix": [
                [
                    0.9273150147336662,
                    0.12947753895504618,
                    -0.3511729351126664,
                    -0.5134629078823385
                ],
                [
                    -0.35116544783328085,
                    -0.023649211176194222,
                    -0.9360147130567955,
                    -3.434602831812975
                ],
                [
                    -0.12949784437415102,
                    0.9913002984549576,
                    0.023537769341207777,
                    -1.4039000326766913
                ],
                [
                    0.0,
                    0.0,
                    0.0,
                    1.0
                ]
            ],
            "colmap_im_id": 326
        },
        {
            "file_path": "images/frame_00325.png",
            "transform_matrix": [
                [
                    0.9368052747326467,
                    0.12404183909018765,
                    -0.32712306459223306,
                    -0.37712626559334034
                ],
                [
                    -0.3275772166875601,
                    -0.017300408118153796,
                    -0.9446660060498507,
                    -3.3896068780499506
                ],
                [
                    -0.12283747123871262,
                    0.9921261603415513,
                    0.024426166821855933,
                    -1.3864154239920206
                ],
                [
                    0.0,
                    0.0,
                    0.0,
                    1.0
                ]
            ],
            "colmap_im_id": 325
        },
        {
            "file_path": "images/frame_00324.png",
            "transform_matrix": [
                [
                    0.9453385872221676,
                    0.11942956736780712,
                    -0.3034329150687751,
                    -0.2976617924015307
                ],
                [
                    -0.3043506639265105,
                    -0.010923952893029951,
                    -0.9524974228945099,
                    -3.3446694418079717
                ],
                [
                    -0.11707104200564857,
                    0.99278257725019,
                    0.026021633926069574,
                    -1.3765190783615724
                ],
                [
                    0.0,
                    0.0,
                    0.0,
                    1.0
                ]
            ],
            "colmap_im_id": 324
        },
        {
            "file_path": "images/frame_00323.png",
            "transform_matrix": [
                [
                    0.9558537960279888,
                    0.11048518849331504,
                    -0.2722802668987973,
                    -0.23630501754000824
                ],
                [
                    -0.2736564726583437,
                    -0.0028054036139985535,
                    -0.9618234061836693,
                    -3.2814717166453056
                ],
                [
                    -0.10703109637426339,
                    0.9938738113232277,
                    0.02755343127024168,
                    -1.3475671774453801
                ],
                [
                    0.0,
                    0.0,
                    0.0,
                    1.0
                ]
            ],
            "colmap_im_id": 323
        },
        {
            "file_path": "images/frame_00322.png",
            "transform_matrix": [
                [
                    0.9633108990917367,
                    0.10125634492306802,
                    -0.248554348792956,
                    -0.19622447293580048
                ],
                [
                    -0.24992695793767966,
                    0.0008993623945167584,
                    -0.9682642753108783,
                    -3.2393300972095678
                ],
                [
                    -0.09781936100326481,
                    0.9948599618841357,
                    0.026173055855382044,
                    -1.3371004457544002
                ],
                [
                    0.0,
                    0.0,
                    0.0,
                    1.0
                ]
            ],
            "colmap_im_id": 322
        },
        {
            "file_path": "images/frame_00321.png",
            "transform_matrix": [
                [
                    0.9704235082081115,
                    0.0913089173969878,
                    -0.22347459882691653,
                    -0.11587755297931643
                ],
                [
                    -0.22481096013070198,
                    0.004489895070822316,
                    -0.9743920530501904,
                    -3.2018191565740315
                ],
                [
                    -0.08796730598451422,
                    0.9958124936181725,
                    0.0248843451146255,
                    -1.331687803273284
                ],
                [
                    0.0,
                    0.0,
                    0.0,
                    1.0
                ]
            ],
            "colmap_im_id": 321
        },
        {
            "file_path": "images/frame_00320.png",
            "transform_matrix": [
                [
                    0.9768818719153101,
                    0.08043765420604816,
                    -0.1980696647875885,
                    0.025532441512997484
                ],
                [
                    -0.19924250340573307,
                    0.0067453143263586654,
                    -0.9799270001236086,
                    -3.171007162994217
                ],
                [
                    -0.07748698703560417,
                    0.9967368180821189,
                    0.02261597487788814,
                    -1.3185767071822125
                ],
                [
                    0.0,
                    0.0,
                    0.0,
                    1.0
                ]
            ],
            "colmap_im_id": 320
        },
        {
            "file_path": "images/frame_00319.png",
            "transform_matrix": [
                [
                    0.9832576239316427,
                    0.06853224434578073,
                    -0.16884246049270493,
                    0.20393205812452744
                ],
                [
                    -0.16962636455461114,
                    0.005742852571652925,
                    -0.9854917128481226,
                    -3.167073599846728
                ],
                [
                    -0.06656832150720478,
                    0.9976323727352028,
                    0.017271579037336268,
                    -1.3018013684317304
                ],
                [
                    0.0,
                    0.0,
                    0.0,
                    1.0
                ]
            ],
            "colmap_im_id": 319
        },
        {
            "file_path": "images/frame_00318.png",
            "transform_matrix": [
                [
                    0.988848951883444,
                    0.05669138717243888,
                    -0.13770924798095074,
                    0.3503349655527186
                ],
                [
                    -0.13837063483802564,
                    0.007892412016823962,
                    -0.9903490683830013,
                    -3.1872556004833594
                ],
                [
                    -0.05505740434797222,
                    0.9983605543354673,
                    0.015648826583567338,
                    -1.2627762913862313
                ],
                [
                    0.0,
                    0.0,
                    0.0,
                    1.0
                ]
            ],
            "colmap_im_id": 318
        },
        {
            "file_path": "images/frame_00317.png",
            "transform_matrix": [
                [
                    0.9929150820585402,
                    0.04506648509816718,
                    -0.10994840490693482,
                    0.4308453233352989
                ],
                [
                    -0.11025057468651327,
                    0.004267599793981845,
                    -0.9938946616082069,
                    -3.1824402768199187
                ],
                [
                    -0.0443221231663847,
                    0.9989748743151129,
                    0.009205970080808612,
                    -1.2773648350437121
                ],
                [
                    0.0,
                    0.0,
                    0.0,
                    1.0
                ]
            ],
            "colmap_im_id": 317
        },
        {
            "file_path": "images/frame_00316.png",
            "transform_matrix": [
                [
                    0.9957635614427636,
                    0.03482394878195802,
                    -0.08510124731198351,
                    0.45405257924299686
                ],
                [
                    -0.08519307777137496,
                    0.0011590149068617921,
                    -0.9963637870699066,
                    -3.1940147582293217
                ],
                [
                    -0.03459868787489303,
                    0.9993927902860203,
                    0.00412086418830968,
                    -1.2837168497147915
                ],
                [
                    0.0,
                    0.0,
                    0.0,
                    1.0
                ]
            ],
            "colmap_im_id": 316
        },
        {
            "file_path": "images/frame_00315.png",
            "transform_matrix": [
                [
                    0.9975196885376658,
                    0.025419821123420755,
                    -0.06563766962477906,
                    0.4587725569193087
                ],
                [
                    -0.06564577878551747,
                    -0.0005162471365234237,
                    -0.9978428559730923,
                    -3.2003315318689745
                ],
                [
                    -0.025398872167111165,
                    0.9996767308399989,
                    0.0011537372714021965,
                    -1.2988879671075093
                ],
                [
                    0.0,
                    0.0,
                    0.0,
                    1.0
                ]
            ],
            "colmap_im_id": 315
        },
        {
            "file_path": "images/frame_00314.png",
            "transform_matrix": [
                [
                    0.9985880036172743,
                    0.017289098107588788,
                    -0.050230330660794124,
                    0.48464417618132793
                ],
                [
                    -0.05026299957870968,
                    0.001459974906761628,
                    -0.9987349494969235,
                    -3.2090971408896816
                ],
                [
                    -0.017193891503006944,
                    0.9998494664497741,
                    0.0023269153583724165,
                    -1.2899257062053873
                ],
                [
                    0.0,
                    0.0,
                    0.0,
                    1.0
                ]
            ],
            "colmap_im_id": 314
        },
        {
            "file_path": "images/frame_00313.png",
            "transform_matrix": [
                [
                    0.9992732249642109,
                    0.010094421700700549,
                    -0.03675764573736746,
                    0.5793216176056193
                ],
                [
                    -0.03677251940567018,
                    0.001291762294135866,
                    -0.999322827301936,
                    -3.1851428965697606
                ],
                [
                    -0.010040103893137357,
                    0.9999482156595428,
                    0.001662020791426344,
                    -1.2987034132812674
                ],
                [
                    0.0,
                    0.0,
                    0.0,
                    1.0
                ]
            ],
            "colmap_im_id": 313
        },
        {
            "file_path": "images/frame_00312.png",
            "transform_matrix": [
                [
                    0.9996719739951946,
                    0.003755203174410223,
                    -0.025334617772320003,
                    0.7378483968961006
                ],
                [
                    -0.025334689993841593,
                    -2.834262215411319e-05,
                    -0.999679024827275,
                    -3.1553297154389837
                ],
                [
                    -0.0037547158969216394,
                    0.9999929487980478,
                    6.680358325057062e-05,
                    -1.2832024749952613
                ],
                [
                    0.0,
                    0.0,
                    0.0,
                    1.0
                ]
            ],
            "colmap_im_id": 312
        },
        {
            "file_path": "images/frame_00311.png",
            "transform_matrix": [
                [
                    0.9999023444629483,
                    -0.0013829928696611356,
                    -0.013906432620257014,
                    0.9026458091057935
                ],
                [
                    -0.013904262538763739,
                    0.0015665477678901236,
                    -0.9999021039138503,
                    -3.142567539861646
                ],
                [
                    0.0014046425710526006,
                    0.9999978166270233,
                    0.0015471652898775266,
                    -1.2529929867071667
                ],
                [
                    0.0,
                    0.0,
                    0.0,
                    1.0
                ]
            ],
            "colmap_im_id": 311
        },
        {
            "file_path": "images/frame_00310.png",
            "transform_matrix": [
                [
                    0.9999837663336129,
                    -0.00468208720101352,
                    -0.0032473263902116556,
                    1.0170159291686167
                ],
                [
                    -0.003244906260717235,
                    0.0005243950720266884,
                    -0.9999945977819918,
                    -3.114111633547114
                ],
                [
                    0.004683764789314016,
                    0.9999889014730365,
                    0.0005091936251002412,
                    -1.2529032735056524
                ],
                [
                    0.0,
                    0.0,
                    0.0,
                    1.0
                ]
            ],
            "colmap_im_id": 310
        },
        {
            "file_path": "images/frame_00309.png",
            "transform_matrix": [
                [
                    0.9999756293349402,
                    -0.006434257994285119,
                    0.0027094391031140218,
                    1.0736395380847643
                ],
                [
                    0.002713548141532501,
                    0.0006299747974347436,
                    -0.9999961198865914,
                    -3.09254030033273
                ],
                [
                    0.006432526150284256,
                    0.9999791015095355,
                    0.0006474191133524922,
                    -1.2441233619412255
                ],
                [
                    0.0,
                    0.0,
                    0.0,
                    1.0
                ]
            ],
            "colmap_im_id": 309
        },
        {
            "file_path": "images/frame_00308.png",
            "transform_matrix": [
                [
                    0.9999620188368871,
                    -0.007041639464336207,
                    0.005135776213108652,
                    1.095201936362736
                ],
                [
                    0.0051388429110826635,
                    0.0004174849924975808,
                    -0.9999867089115815,
                    -3.082055023519815
                ],
                [
                    0.007039401763789675,
                    0.9999751202004653,
                    0.00045365501497568765,
                    -1.2339779013789134
                ],
                [
                    0.0,
                    0.0,
                    0.0,
                    1.0
                ]
            ],
            "colmap_im_id": 308
        },
        {
            "file_path": "images/frame_00307.png",
            "transform_matrix": [
                [
                    0.9999753509596965,
                    -0.006392640922409213,
                    0.0029037243444964035,
                    1.1108661553329124
                ],
                [
                    0.002906807042081977,
                    0.0004729876120349584,
                    -0.9999956633683663,
                    -3.071370187958625
                ],
                [
                    0.006391239774236654,
                    0.9999794550013296,
                    0.0004915581269950068,
                    -1.232161711202104
                ],
                [
                    0.0,
                    0.0,
                    0.0,
                    1.0
                ]
            ],
            "colmap_im_id": 307
        },
        {
            "file_path": "images/frame_00306.png",
            "transform_matrix": [
                [
                    0.9999862168391765,
                    -0.0047468932857364626,
                    -0.002243465133471879,
                    1.164775161410356
                ],
                [
                    -0.002234465856831717,
                    0.0019002793626510155,
                    -0.9999956980410858,
                    -3.047949276914664
                ],
                [
                    0.004751136075290542,
                    0.9999869278857988,
                    0.0018896463998219488,
                    -1.2224795160894422
                ],
                [
                    0.0,
                    0.0,
                    0.0,
                    1.0
                ]
            ],
            "colmap_im_id": 306
        },
        {
            "file_path": "images/frame_00305.png",
            "transform_matrix": [
                [
                    0.999982394205578,
                    -0.0027547240807963697,
                    -0.005255737257397982,
                    1.2773460423593108
                ],
                [
                    -0.005249433654302314,
                    0.0022905453613578687,
                    -0.9999835982896202,
                    -3.010094873784863
                ],
                [
                    0.0027667174032052692,
                    0.9999935824280005,
                    0.002276044293189073,
                    -1.205319059401091
                ],
                [
                    0.0,
                    0.0,
                    0.0,
                    1.0
                ]
            ],
            "colmap_im_id": 305
        },
        {
            "file_path": "images/frame_00304.png",
            "transform_matrix": [
                [
                    0.9999868128673907,
                    -0.0006643240622081852,
                    -0.0050924222977501874,
                    1.4298066948442583
                ],
                [
                    -0.005091157276571098,
                    0.0018922154307315254,
                    -0.999985249710389,
                    -2.9610192617661135
                ],
                [
                    0.0006739502232874763,
                    0.9999979890951303,
                    0.0018888082995524025,
                    -1.1894490052999351
                ],
                [
                    0.0,
                    0.0,
                    0.0,
                    1.0
                ]
            ],
            "colmap_im_id": 304
        },
        {
            "file_path": "images/frame_00303.png",
            "transform_matrix": [
                [
                    0.999993153984241,
                    0.0014719349192802776,
                    -0.003394906809253313,
                    1.5826733565586821
                ],
                [
                    -0.003397983097720112,
                    0.0020925230695564303,
                    -0.9999920374973348,
                    -2.9210712204282774
                ],
                [
                    -0.0014648192781772026,
                    0.9999967273720433,
                    0.0020975103540871775,
                    -1.1740640057336067
                ],
                [
                    0.0,
                    0.0,
                    0.0,
                    1.0
                ]
            ],
            "colmap_im_id": 303
        },
        {
            "file_path": "images/frame_00302.png",
            "transform_matrix": [
                [
                    0.9999949547042853,
                    0.0031142204258688697,
                    -0.0006262564278171561,
                    1.6914149501853675
                ],
                [
                    -0.0006376928306099395,
                    0.003672680441537519,
                    -0.9999930523589791,
                    -2.9059830027289935
                ],
                [
                    -0.00311189874964946,
                    0.9999884064575515,
                    0.003674647827817142,
                    -1.1560005757376883
                ],
                [
                    0.0,
                    0.0,
                    0.0,
                    1.0
                ]
            ],
            "colmap_im_id": 302
        },
        {
            "file_path": "images/frame_00301.png",
            "transform_matrix": [
                [
                    0.9999890977406523,
                    0.004669379833540533,
                    -3.594171045611056e-05,
                    1.7417736330748885
                ],
                [
                    -5.551496791342561e-05,
                    0.004191770371669781,
                    -0.9999912129510136,
                    -2.884606825761337
                ],
                [
                    -0.004669188144074203,
                    0.9999803127827674,
                    0.0041919838923736965,
                    -1.1562014637953326
                ],
                [
                    0.0,
                    0.0,
                    0.0,
                    1.0
                ]
            ],
            "colmap_im_id": 301
        },
        {
            "file_path": "images/frame_00300.png",
            "transform_matrix": [
                [
                    0.9999875906727885,
                    0.004920900037868918,
                    0.0007766873557827535,
                    1.755078328319488
                ],
                [
                    0.0007489819560034312,
                    0.005629492350103368,
                    -0.9999838737909277,
                    -2.879669070132202
                ],
                [
                    -0.004925193037933884,
                    0.9999720463886465,
                    0.005625736826555101,
                    -1.1493938634167586
                ],
                [
                    0.0,
                    0.0,
                    0.0,
                    1.0
                ]
            ],
            "colmap_im_id": 300
        },
        {
            "file_path": "images/frame_00299.png",
            "transform_matrix": [
                [
                    0.9999941870945245,
                    0.0034076525286233644,
                    0.00011696753942152253,
                    1.76726309685812
                ],
                [
                    8.631827587482363e-05,
                    0.008993004625248524,
                    -0.9999595583907208,
                    -2.887280728321703
                ],
                [
                    -0.0034085666072942644,
                    0.999953755816765,
                    0.008992658207071645,
                    -1.1498331036616294
                ],
                [
                    0.0,
                    0.0,
                    0.0,
                    1.0
                ]
            ],
            "colmap_im_id": 299
        },
        {
            "file_path": "images/frame_00298.png",
            "transform_matrix": [
                [
                    0.9999984661844906,
                    0.00017446628081841756,
                    0.0017427536207903999,
                    1.8107065797657855
                ],
                [
                    0.0017404262892746693,
                    0.012552852524366808,
                    -0.9999196951804845,
                    -2.877533398975417
                ],
                [
                    -0.0001963287995233131,
                    0.9999211946223655,
                    0.012552529624905195,
                    -1.1517392648030658
                ],
                [
                    0.0,
                    0.0,
                    0.0,
                    1.0
                ]
            ],
            "colmap_im_id": 298
        },
        {
            "file_path": "images/frame_00297.png",
            "transform_matrix": [
                [
                    0.999914401451225,
                    -0.006107398882598812,
                    0.01157106085575305,
                    1.943642998403857
                ],
                [
                    0.01164658565497104,
                    0.012478913009293546,
                    -0.9998543062730129,
                    -2.8327980705168594
                ],
                [
                    0.005962114811049224,
                    0.9999034835467847,
                    0.01254897517666492,
                    -1.1370322462731999
                ],
                [
                    0.0,
                    0.0,
                    0.0,
                    1.0
                ]
            ],
            "colmap_im_id": 297
        },
        {
            "file_path": "images/frame_00296.png",
            "transform_matrix": [
                [
                    0.9997118825120349,
                    -0.011600438406486988,
                    0.021013847649119396,
                    2.055181651526019
                ],
                [
                    0.021157182274651562,
                    0.012374700831672946,
                    -0.999699575081196,
