{
    "w": 1080,
    "h": 1920,
    "fl_x": 896.7698391241735,
    "fl_y": 898.0150305771452,
    "cx": 539.4398913718485,
    "cy": 967.7089727386829,
    "k1": -0.0032440511958951174,
    "k2": 0.0015046617935667336,
    "p1": 0.002200265764550928,
    "p2": -0.0006548831880636157,
    "camera_model": "OPENCV",
    "frames": [
        {
            "file_path": "images/frame_00340.png",
            "transform_matrix": [
                [
                    0.8712984759059678,
                    0.14545701419745508,
                    -0.468701635269922,
                    -1.506315604015735
                ],
                [
                    -0.4674836297859789,
                    -0.04460137167823946,
                    -0.8828758539718623,
                    -4.310318684492697
                ],
                [
                    -0.1493252214666479,
                    0.9883587277224708,
                    0.02913766580829133,
                    -1.737210862340877
                ],
                [
                    0.0,
                    0.0,
                    0.0,
                    1.0
                ]
            ],
            "colmap_im_id": 340
        },
        {
            "file_path": "images/frame_00339.png",
            "transform_matrix": [
                [
                    0.8719885174647312,
                    0.14305137492169734,
                    -0.468158444912267,
                    -1.5493395171498687
                ],
                [
                    -0.46611489075645646,
                    -0.04958527294563389,
                    -0.8833335776036161,
                    -4.196607279544734
                ],
                [
                    -0.1495758470634774,
                    0.988472359168388,
                    0.023440587350240464,
                    -1.697390443522224
                ],
                [
                    0.0,
                    0.0,
                    0.0,
                    1.0
                ]
            ],
            "colmap_im_id": 339
        },
        {
            "file_path": "images/frame_00338.png",
            "transform_matrix": [
                [
                    0.8743197223945256,
                    0.14069258867973705,
                    -0.4645111608159208,
                    -1.5858513945556207
                ],
                [
                    -0.46172547218733495,
                    -0.05385036985153629,
                    -0.8853867663344848,
                    -4.0854481930340185
                ],
                [
                    -0.1495814539484839,
                    0.9885877468173714,
                    0.017878911521972338,
                    -1.6554764863969507
                ],
                [
                    0.0,
                    0.0,
                    0.0,
                    1.0
                ]
            ],
            "colmap_im_id": 338
        },
        {
            "file_path": "images/frame_00337.png",
            "transform_matrix": [
                [
                    0.8743550217825806,
                    0.14184012176591926,
                    -0.4640955459180923,
                    -1.579966856326774
                ],
                [
                    -0.4616449413397991,
                    -0.05174921693054754,
                    -0.8855540450375959,
                    -4.008275086719697
                ],
                [
                    -0.1496236746606512,
                    0.9885359874099194,
                    0.02023258699571733,
                    -1.6162328147088965
                ],
                [
                    0.0,
                    0.0,
                    0.0,
                    1.0
                ]
            ],
            "colmap_im_id": 337
        },
        {
            "file_path": "images/frame_00336.png",
            "transform_matrix": [
                [
                    0.8752377176945106,
                    0.1419542304159156,
                    -0.4623937002078736,
                    -1.5214139499281834
                ],
                [
                    -0.45975909256637537,
                    -0.05283351360980342,
                    -0.8864706405979759,
                    -3.950098124008026
                ],
                [
                    -0.15026814142540945,
                    0.9884622482961438,
                    0.01902286429235335,
                    -1.601417149669248
                ],
                [
                    0.0,
                    0.0,
                    0.0,
                    1.0
                ]
            ],
            "colmap_im_id": 336
        },
        {
            "file_path": "images/frame_00335.png",
            "transform_matrix": [
                [
                    0.8785389566442148,
                    0.1400602966107112,
                    -0.4566753934380679,
                    -1.4242591358105054
                ],
                [
                    -0.45314618696407394,
                    -0.05802544809380161,
                    -0.8895457158648082,
                    -3.914363010366623
                ],
                [
                    -0.15108883115046948,
                    0.9884412783199787,
                    0.01249017272705944,
                    -1.5838804570899643
                ],
                [
                    0.0,
                    0.0,
                    0.0,
                    1.0
                ]
            ],
            "colmap_im_id": 335
        },
        {
            "file_path": "images/frame_00334.png",
            "transform_matrix": [
                [
                    0.8814697513673432,
                    0.13942003663664332,
                    -0.4511907920255369,
                    -1.2770435998451637
                ],
                [
                    -0.44728958427814236,
                    -0.05996265539272736,
                    -0.8923768866093181,
                    -3.8661880775159996
                ],
                [
                    -0.15146981620336378,
                    0.9884161741607076,
                    0.009505863286894477,
                    -1.5477703057657222
                ],
                [
                    0.0,
                    0.0,
                    0.0,
                    1.0
                ]
            ],
            "colmap_im_id": 334
        },
        {
            "file_path": "images/frame_00333.png",
            "transform_matrix": [
                [
                    0.886708699999152,
                    0.13831235647795634,
                    -0.4411545912617576,
                    -1.1339604022530667
                ],
                [
                    -0.43683996633464534,
                    -0.06180435330417148,
                    -0.8974135422008066,
                    -3.8173747184631983
                ],
                [
                    -0.15138865597712253,
                    0.988458352161672,
                    0.005617907374865719,
                    -1.5304787415208523
                ],
                [
                    0.0,
                    0.0,
                    0.0,
                    1.0
                ]
            ],
            "colmap_im_id": 333
        },
        {
            "file_path": "images/frame_00332.png",
            "transform_matrix": [
                [
                    0.892345686465137,
                    0.13881252862785423,
                    -0.4294767254962769,
                    -1.0309973112871471
                ],
                [
                    -0.4254221034411494,
                    -0.05920330341935853,
                    -0.9030564781717383,
                    -3.778517868817326
                ],
                [
                    -0.1507819941198923,
                    0.9885474448705922,
                    0.006224105482095295,
                    -1.5084877210469096
                ],
                [
                    0.0,
                    0.0,
                    0.0,
                    1.0
                ]
            ],
            "colmap_im_id": 332
        },
        {
            "file_path": "images/frame_00331.png",
            "transform_matrix": [
                [
                    0.897666385191619,
                    0.13897033863566724,
                    -0.4181893182238154,
                    -0.9735366064847899
                ],
                [
                    -0.414348940350806,
                    -0.05691567136953988,
                    -0.9083367007793522,
                    -3.7196054163270147
                ],
                [
                    -0.15003338470878996,
                    0.9886596235975467,
                    0.006490927574832434,
                    -1.489661724787483
                ],
                [
                    0.0,
                    0.0,
                    0.0,
                    1.0
                ]
            ],
            "colmap_im_id": 331
        },
        {
            "file_path": "images/frame_00330.png",
            "transform_matrix": [
                [
                    0.9018923368618962,
                    0.13909630440790008,
                    -0.40895284668266196,
                    -0.9512899879905466
                ],
                [
                    -0.40557203850134294,
                    -0.05315580851787389,
                    -0.9125161815588128,
                    -3.651589857364007
                ],
                [
                    -0.14866584777834227,
                    0.9888511910903864,
                    0.008472755364746629,
                    -1.4641628474931958
                ],
                [
                    0.0,
                    0.0,
                    0.0,
                    1.0
                ]
            ],
            "colmap_im_id": 330
        },
        {
            "file_path": "images/frame_00329.png",
            "transform_matrix": [
                [
                    0.9063845532057646,
                    0.13932351619320704,
                    -0.3988182537767641,
                    -0.9278932347806927
                ],
                [
                    -0.39619370015512473,
                    -0.047310424667539056,
                    -0.916947258938685,
                    -3.585069743581535
                ],
                [
                    -0.1466205772304058,
                    0.9891161112596125,
                    0.012317661274946804,
                    -1.4480183954226675
                ],
                [
                    0.0,
                    0.0,
                    0.0,
                    1.0
                ]
            ],
            "colmap_im_id": 329
        },
        {
            "file_path": "images/frame_00328.png",
            "transform_matrix": [
                [
                    0.9126210809724286,
                    0.13994412053590785,
                    -0.3841072840914984,
                    -0.8353531373371642
                ],
                [
                    -0.3827769204145877,
                    -0.03739281565814557,
                    -0.9230837483863966,
                    -3.5186863473298406
                ],
                [
                    -0.14354299621590788,
                    0.9894530915938295,
                    0.019441907642323158,
                    -1.440390014345897
                ],
                [
                    0.0,
                    0.0,
                    0.0,
                    1.0
                ]
            ],
            "colmap_im_id": 328
        },
        {
            "file_path": "images/frame_00327.png",
            "transform_matrix": [
                [
                    0.9180495467076037,
                    0.13823200738869026,
                    -0.3715870583366114,
                    -0.7159845699608803
                ],
                [
                    -0.37089294034419684,
                    -0.03171785978768732,
                    -0.9281338288055901,
                    -3.4828449593053037
                ],
                [
                    -0.14008374849638755,
                    0.9898918574792811,
                    0.022150708869450437,
                    -1.4246977754434766
                ],
                [
                    0.0,
                    0.0,
                    0.0,
                    1.0
                ]
            ],
            "colmap_im_id": 327
        },
        {
            "file_path": "images/frame_00326.png",
            "transform_matrix": [
                [
                    0.9271284696641505,
                    0.13336723835418066,
                    -0.35020848143925587,
                    -0.501630094980504
                ],
                [
                    -0.3501563130697638,
                    -0.024623587063720184,
                    -0.9363675749285134,
                    -3.4265572303114933
                ],
                [
                    -0.1335041465857899,
                    0.9907607474531348,
                    0.023870151874367418,
                    -1.4025606394037828
                ],
                [
                    0.0,
                    0.0,
                    0.0,
                    1.0
                ]
            ],
            "colmap_im_id": 326
        },
        {
            "file_path": "images/frame_00325.png",
            "transform_matrix": [
                [
                    0.9365782073956272,
                    0.12783335349241698,
                    -0.32631257279865344,
                    -0.3653487803037885
                ],
                [
                    -0.3267306568994494,
                    -0.01828315398373324,
                    -0.9449406352371885,
                    -3.380519433370473
                ],
                [
                    -0.12676095326893053,
                    0.9916271275107846,
                    0.024643471976613783,
                    -1.3850138520895114
                ],
                [
                    0.0,
                    0.0,
                    0.0,
                    1.0
                ]
            ],
            "colmap_im_id": 325
        },
        {
            "file_path": "images/frame_00324.png",
            "transform_matrix": [
                [
                    0.9449969275768467,
                    0.12323968061678946,
                    -0.30297324633008765,
                    -0.28822497019878823
                ],
                [
                    -0.3038980665638308,
                    -0.011680942057244537,
                    -0.9526329412378205,
                    -3.3360429609141873
                ],
                [
                    -0.1209411923584588,
                    0.992308186358516,
                    0.026413846308087068,
                    -1.3732303360496099
                ],
                [
                    0.0,
                    0.0,
                    0.0,
                    1.0
                ]
            ],
            "colmap_im_id": 324
        },
        {
            "file_path": "images/frame_00323.png",
            "transform_matrix": [
                [
                    0.9556661146878002,
                    0.11420368315733614,
                    -0.27140338242332807,
                    -0.2232119182584854
                ],
                [
                    -0.27277210849812206,
                    -0.003768202343875159,
                    -0.9620712954228414,
                    -3.2726368853062997
                ],
                [
                    -0.11089478825902138,
                    0.9934502098265391,
                    0.027550436159749437,
                    -1.3463847518217462
                ],
                [
                    0.0,
                    0.0,
                    0.0,
                    1.0
                ]
            ],
            "colmap_im_id": 323
        },
        {
            "file_path": "images/frame_00322.png",
            "transform_matrix": [
                [
                    0.9630598301429996,
                    0.10491530858284479,
                    -0.24800915626222989,
                    -0.18501876895944666
                ],
                [
                    -0.24935418760837824,
                    -0.00030612776519472394,
                    -0.9684123065140988,
                    -3.2289319221541923
                ],
                [
                    -0.10167719846210553,
                    0.9944811130990662,
                    0.02586625218580711,
                    -1.337539348017963
                ],
                [
                    0.0,
                    0.0,
                    0.0,
                    1.0
                ]
            ],
            "colmap_im_id": 322
        },
        {
            "file_path": "images/frame_00321.png",
            "transform_matrix": [
                [
                    0.9702365922426235,
                    0.09504365406264872,
                    -0.22272776857823687,
                    -0.10291410749176881
                ],
                [
                    -0.22410962935122325,
                    0.003984755276806533,
                    -0.974555794071043,
                    -3.195292917903482
                ],
                [
                    -0.09173782810530468,
                    0.9954651302520864,
                    0.025166353464855667,
                    -1.326843800081934
                ],
                [
                    0.0,
                    0.0,
                    0.0,
                    1.0
                ]
            ],
            "colmap_im_id": 321
        },
        {
            "file_path": "images/frame_00320.png",
            "transform_matrix": [
                [
                    0.9766397950190597,
                    0.08413679851836331,
                    -0.19772635110224765,
                    0.03704236721872639
                ],
                [
                    -0.19897703303180084,
                    0.006664433431590702,
                    -0.9799814925052909,
                    -3.1645498220310775
                ],
                [
                    -0.08113477128205038,
                    0.9964319266573688,
                    0.023250041438525267,
                    -1.3104010194951206
                ],
                [
                    0.0,
                    0.0,
                    0.0,
                    1.0
                ]
            ],
            "colmap_im_id": 320
        },
        {
            "file_path": "images/frame_00319.png",
            "transform_matrix": [
                [
                    0.9830764938974313,
                    0.07206545427885064,
                    -0.16842558429738824,
                    0.2172288692703144
                ],
                [
                    -0.1692432684249077,
                    0.005350643511699959,
                    -0.985559783426082,
                    -3.160700930908855
                ],
                [
                    -0.07012362825174112,
                    0.9973855527896892,
                    0.01745668488625547,
                    -1.2972691717556843
                ],
                [
                    0.0,
                    0.0,
                    0.0,
                    1.0
                ]
            ],
            "colmap_im_id": 319
        },
        {
            "file_path": "images/frame_00318.png",
            "transform_matrix": [
                [
                    0.988705743993083,
                    0.060327195410210116,
                    -0.1371917682990575,
                    0.36526784750885494
                ],
                [
                    -0.13790870764890192,
                    0.007865825020418379,
                    -0.9904137100986424,
                    -3.1824442534293813
                ],
                [
                    -0.058669754982389834,
                    0.9981476635702187,
                    0.01609663193403701,
                    -1.2555366897409486
                ],
                [
                    0.0,
                    0.0,
                    0.0,
                    1.0
                ]
            ],
            "colmap_im_id": 318
        },
        {
            "file_path": "images/frame_00317.png",
            "transform_matrix": [
                [
                    0.9928010767658945,
                    0.048558525201604516,
                    -0.10949014386110599,
                    0.44649824418069506
                ],
                [
                    -0.10982464421040802,
                    0.004266854669275729,
                    -0.9939418199649759,
                    -3.177528124117564
                ],
                [
                    -0.047797170382124506,
                    0.9988112251979732,
                    0.009569060663708877,
                    -1.2704268143257877
                ],
                [
                    0.0,
                    0.0,
                    0.0,
                    1.0
                ]
            ],
            "colmap_im_id": 317
        },
        {
            "file_path": "images/frame_00316.png",
            "transform_matrix": [
                [
                    0.9957027079425131,
                    0.03829280222482255,
                    -0.08431950363775266,
                    0.47257105138843997
                ],
                [
                    -0.08439213010080232,
                    0.0002813008935851114,
                    -0.9964325813856433,
                    -3.1848685748123393
                ],
                [
                    -0.038132476617649874,
                    0.9992665220888658,
                    0.0035117032087708584,
                    -1.2831626119609711
                ],
                [
                    0.0,
                    0.0,
                    0.0,
                    1.0
                ]
            ],
            "colmap_im_id": 316
        },
        {
            "file_path": "images/frame_00315.png",
            "transform_matrix": [
                [
                    0.9974491341478734,
                    0.02888349261230891,
                    -0.06527609548810721,
                    0.47451413911760215
                ],
                [
                    -0.06528661660703095,
                    -0.0005796461583603289,
                    -0.9978663846940319,
                    -3.1948252305216367
                ],
                [
                    -0.028859703388363914,
                    0.9995826168280668,
                    0.0013075379496831697,
                    -1.292310930094801
                ],
                [
                    0.0,
                    0.0,
                    0.0,
                    1.0
                ]
            ],
            "colmap_im_id": 315
        },
        {
            "file_path": "images/frame_00314.png",
            "transform_matrix": [
                [
                    0.9985537275218871,
                    0.02066925882204214,
                    -0.04963098822200168,
                    0.5026137553827015
                ],
                [
                    -0.049627075098336894,
                    -0.0007025265132356456,
                    -0.9987675704955994,
                    -3.194311473201377
                ],
                [
                    -0.020678652502739807,
                    0.9997861212260578,
                    0.00032424439131404053,
                    -1.2991120270906598
                ],
                [
                    0.0,
                    0.0,
                    0.0,
                    1.0
                ]
            ],
            "colmap_im_id": 314
        },
        {
            "file_path": "images/frame_00313.png",
            "transform_matrix": [
                [
                    0.9992535534874811,
                    0.013431996587176967,
                    -0.036220399091172466,
                    0.5976786283710855
                ],
                [
                    -0.036226611191088456,
                    0.00021938527320427618,
                    -0.9993435768101537,
                    -3.1751232690616327
                ],
                [
                    -0.013415233290981023,
                    0.9999097625974976,
                    0.0007058172317158818,
                    -1.3001832919076348
                ],
                [
                    0.0,
                    0.0,
                    0.0,
                    1.0
                ]
            ],
            "colmap_im_id": 313
        },
        {
            "file_path": "images/frame_00312.png",
            "transform_matrix": [
                [
                    0.9996647986572772,
                    0.007038249129978009,
                    -0.024914922730962758,
                    0.7565981092199486
                ],
                [
                    -0.024917790238631263,
                    0.00032000846913628406,
                    -0.9996894524422087,
                    -3.151527372638269
                ],
                [
                    -0.007028090432617785,
                    0.9999751800138661,
                    0.0004952788173357678,
                    -1.2742511529266365
                ],
                [
                    0.0,
                    0.0,
                    0.0,
                    1.0
                ]
            ],
            "colmap_im_id": 312
        },
        {
            "file_path": "images/frame_00311.png",
            "transform_matrix": [
                [
                    0.9999058447879432,
                    0.0018561089783552356,
                    -0.013596191318535055,
                    0.9217974550817155
                ],
                [
                    -0.013598220825292755,
                    0.0010852138143608184,
                    -0.9999069510216256,
                    -3.1348482389427628
                ],
                [
                    -0.001841181494669481,
                    0.9999976885825476,
                    0.0011103514155874831,
                    -1.2507020564153308
                ],
                [
                    0.0,
                    0.0,
                    0.0,
                    1.0
                ]
            ],
            "colmap_im_id": 311
        },
        {
            "file_path": "images/frame_00310.png",
            "transform_matrix": [
                [
                    0.9999946240333908,
                    -0.001468310004026651,
                    -0.0029318884782901598,
                    1.0368418104155304
                ],
                [
                    -0.002931902923526589,
                    -7.685621427118688e-06,
                    -0.9999957019338523,
                    -3.106184996389204
                ],
                [
                    0.0014682811597482178,
                    0.9999989220027506,
                    -1.1990522502923602e-05,
                    -1.2511391818538569
                ],
                [
                    0.0,
                    0.0,
                    0.0,
                    1.0
                ]
            ],
            "colmap_im_id": 310
        },
        {
            "file_path": "images/frame_00309.png",
            "transform_matrix": [
                [
                    0.9999901072112316,
                    -0.003221853269761318,
                    0.003066780262356148,
                    1.094037326775016
                ],
                [
                    0.003067071404275907,
                    8.542777113284468e-05,
                    -0.9999952928764699,
                    -3.083875238546956
                ],
                [
                    0.003221576115897615,
                    0.999994806168314,
                    9.530858004640769e-05,
                    -1.2422310564255248
                ],
                [
                    0.0,
                    0.0,
                    0.0,
                    1.0
                ]
            ],
            "colmap_im_id": 309
        },
        {
            "file_path": "images/frame_00308.png",
            "transform_matrix": [
                [
                    0.9999766365789561,
                    -0.0038594037117349288,
                    0.005641923362488472,
                    1.116710522346964
                ],
                [
                    0.00564087177533589,
                    -0.00028330507986212546,
                    -0.999984050024722,
                    -3.073322993333432
                ],
                [
                    0.0038609405398899255,
                    0.9999925123425785,
                    -0.0002615280594191086,
                    -1.233304771926165
                ],
                [
                    0.0,
                    0.0,
                    0.0,
                    1.0
                ]
            ],
            "colmap_im_id": 308
        },
        {
            "file_path": "images/frame_00307.png",
            "transform_matrix": [
                [
                    0.9999885881386069,
                    -0.0032016251976773476,
                    0.003545869237435743,
                    1.1333751227695616
                ],
                [
                    0.0035454148907979256,
                    -0.00014757567812606363,
                    -0.9999937041075166,
                    -3.062642603572709
                ],
                [
                    0.0032021283246465916,
                    0.9999948638955666,
                    -0.00013622290436228075,
                    -1.2307941294938585
                ],
                [
                    0.0,
                    0.0,
                    0.0,
                    1.0
                ]
            ],
            "colmap_im_id": 307
        },
        {
            "file_path": "images/frame_00306.png",
            "transform_matrix": [
                [
                    0.9999971890821319,
                    -0.001626014711974803,
                    -0.0017256604508133658,
                    1.1870333582928825
                ],
                [
                    -0.001722616083461879,
                    0.001871831748935303,
                    -0.9999967644146318,
                    -3.0418598472506355
                ],
                [
                    0.0016292395968851069,
                    0.9999969261563059,
                    0.0018690254882752,
                    -1.2168985293841204
                ],
                [
                    0.0,
                    0.0,
                    0.0,
                    1.0
                ]
            ],
            "colmap_im_id": 306
        },
        {
            "file_path": "images/frame_00305.png",
            "transform_matrix": [
                [
                    0.9999881198677439,
                    0.00043376759824154744,
                    -0.004855097223050899,
                    1.2990429317473824
                ],
                [
                    -0.004855897206905656,
                    0.0018626538504240365,
                    -0.9999864753000159,
                    -3.0020540178346855
                ],
                [
                    -0.0004247183661282197,
                    0.9999981711814799,
                    0.0018647380527186935,
                    -1.202977619622804
                ],
                [
                    0.0,
                    0.0,
                    0.0,
                    1.0
                ]
            ],
            "colmap_im_id": 305
        },
        {
            "file_path": "images/frame_00304.png",
            "transform_matrix": [
                [
                    0.9999867314267976,
                    0.0024282899659298957,
                    -0.004543168298754548,
                    1.4537567992454845
                ],
                [
                    -0.004546858196162365,
                    0.001516191223095707,
                    -0.9999885135563903,
                    -2.95244836893391
                ],
                [
                    -0.002421373761614515,
                    0.9999959022776125,
                    0.001527212195535722,
                    -1.186544761777818
                ],
                [
                    0.0,
                    0.0,
                    0.0,
                    1.0
                ]
            ],
            "colmap_im_id": 304
        },
        {
            "file_path": "images/frame_00303.png",
            "transform_matrix": [
                [
                    0.9999862081148719,
                    0.004370740721723272,
                    -0.002912079254367474,
                    1.6074830908280178
                ],
                [
                    -0.0029207027632908193,
                    0.00196792423183055,
                    -0.999993798365563,
                    -2.913223089442866
                ],
                [
                    -0.004364982864657418,
                    0.9999885118838922,
                    0.001980662724949168,
                    -1.169377119205765
                ],
                [
                    0.0,
                    0.0,
                    0.0,
                    1.0
                ]
            ],
            "colmap_im_id": 303
        },
        {
            "file_path": "images/frame_00302.png",
            "transform_matrix": [
                [
                    0.9999813147086541,
                    0.006111362611812887,
                    -0.00014656254146561037,
                    1.7164191916566909
                ],
                [
                    -0.00016708959466673994,
                    0.003358458823803399,
                    -0.9999943464017165,
                    -2.897134749406854
                ],
                [
                    -0.006110835836363091,
                    0.9999756857050854,
                    0.003359417215123473,
                    -1.153035399628684
                ],
                [
                    0.0,
                    0.0,
                    0.0,
                    1.0
                ]
            ],
            "colmap_im_id": 302
        },
        {
            "file_path": "images/frame_00301.png",
            "transform_matrix": [
                [
                    0.9999709763133107,
                    0.007612010688623011,
                    0.0003222177537651099,
                    1.7663282550009902
                ],
                [
                    0.00029236963227496096,
                    0.0039219749440890135,
                    -0.999992266286363,
                    -2.875997183136707
                ],
                [
                    -0.00761321554946895,
                    0.9999633370308204,
                    0.0039196355931511275,
                    -1.152671080672521
                ],
                [
                    0.0,
                    0.0,
                    0.0,
                    1.0
                ]
            ],
            "colmap_im_id": 301
        },
        {
            "file_path": "images/frame_00300.png",
            "transform_matrix": [
                [
                    0.9999690657950366,
                    0.007758034608150926,
                    0.0012962839273350758,
                    1.7809698457520282
                ],
                [
                    0.0012521235801617814,
                    0.005694360751598007,
                    -0.9999830030766378,
                    -2.8723272725325577
                ],
                [
                    -0.007765284253749994,
                    0.9999536925051327,
                    0.005684470583006805,
                    -1.1434693181996531
                ],
                [
                    0.0,
                    0.0,
                    0.0,
                    1.0
                ]
            ],
            "colmap_im_id": 300
        },
        {
            "file_path": "images/frame_00299.png",
            "transform_matrix": [
                [
                    0.9999790113511798,
                    0.006448673039654872,
                    0.0006256781479380791,
                    1.792441590786329
                ],
                [
                    0.0005717057482300085,
                    0.008367983628921756,
                    -0.9999648243825998,
                    -2.8767315136039584
                ],
                [
                    -0.00645368186809821,
                    0.9999441941758619,
                    0.008364121252806809,
                    -1.1489317967747916
                ],
                [
                    0.0,
                    0.0,
                    0.0,
                    1.0
                ]
            ],
            "colmap_im_id": 299
        },
        {
            "file_path": "images/frame_00298.png",
            "transform_matrix": [
                [
                    0.9999922362794503,
                    0.0031741931278143135,
                    0.002334925868541286,
                    1.8368003250690035
                ],
                [
                    0.002296526720881796,
                    0.012047585405170947,
                    -0.9999247879970401,
                    -2.867473644242161
                ],
                [
                    -0.0032020846092073825,
                    0.9999223870800635,
                    0.012040202251749295,
                    -1.1503245116340537
                ],
                [
                    0.0,
                    0.0,
                    0.0,
                    1.0
                ]
            ],
            "colmap_im_id": 298
        },
        {
            "file_path": "images/frame_00297.png",
            "transform_matrix": [
                [
                    0.999919877387451,
                    -0.003409442218642376,
                    0.012190755071883542,
                    1.9721026331574636
                ],
                [
                    0.012233816580346257,
                    0.012908073209173787,
                    -0.9998418451824794,
                    -2.827087932905183
                ],
                [
                    0.0032515438399874593,
                    0.999910874703233,
                    0.012948749471369455,
                    -1.128777835571467
                ],
                [
                    0.0,
                    0.0,
                    0.0,
                    1.0
                ]
            ],
            "colmap_im_id": 297
        },
        {
            "file_path": "images/frame_00296.png",
            "transform_matrix": [
                [
                    0.9997290555072558,
                    -0.008637396210727032,
                    0.0216150632955122,
                    2.0827789698610157
                ],
                [
                    0.021712538118881828,
                    0.011355451907659563,
                    -0.9996997646295657,
