{
    "w": 480,
    "h": 848,
    "fl_x": 572.018418398682,
    "fl_y": 329.0331536011028,
    "cx": 233.94710620407295,
    "cy": 363.2020798410695,
    "k1": -0.34086132517525214,
    "k2": 0.11877984383073464,
    "p1": 0.04091465064942415,
    "p2": -0.0034453887648751816,
    "camera_model": "OPENCV",
    "frames": [
        {
            "file_path": "images/frame_00148.png",
            "transform_matrix": [
                [
                    0.9998684157653747,
                    0.013723744068758297,
                    -0.00864927763313255,
                    -0.2886404991943918
                ],
                [
                    -0.008880026711656008,
                    0.016842969725318558,
                    -0.9998187133157852,
                    2.227388146638355
                ],
                [
                    -0.013575576615380334,
                    0.9997639587520483,
                    0.016962620669952938,
                    -2.097555967288567
                ],
                [
                    0.0,
                    0.0,
                    0.0,
                    1.0
                ]
            ],
            "colmap_im_id": 148
        },
        {
            "file_path": "images/frame_00146.png",
            "transform_matrix": [
                [
                    0.9992031361709653,
                    -0.0012511485187419753,
                    0.039893950587668335,
                    -0.16671614467320056
                ],
                [
                    0.039906398149002494,
                    0.01237566619601772,
                    -0.9991267798797998,
                    1.7403357138528301
                ],
                [
                    0.0007563417749686444,
                    0.9999226357641818,
                    0.012415733306198357,
                    -1.829980893575038
                ],
                [
                    0.0,
                    0.0,
                    0.0,
                    1.0
                ]
            ],
            "colmap_im_id": 146
        },
        {
            "file_path": "images/frame_00143.png",
            "transform_matrix": [
                [
                    0.9951191077062709,
                    -0.012751239383663572,
                    0.09785380611941309,
                    0.45645935129542986
                ],
                [
                    0.09810535845528566,
                    0.020874843712170407,
                    -0.9949570742209699,
                    5.074695464653232
                ],
                [
                    0.010644252920477338,
                    0.9997007786303724,
                    0.022023920758846342,
                    1.7992811461961709
                ],
                [
                    0.0,
                    0.0,
                    0.0,
                    1.0
                ]
            ],
            "colmap_im_id": 143
        },
        {
            "file_path": "images/frame_00140.png",
            "transform_matrix": [
                [
                    0.9895232078789067,
                    -0.02427623382478146,
                    0.14231825441707188,
                    0.4564593512825195
                ],
                [
                    0.142809212071985,
                    0.0198477623544706,
                    -0.9895512090219987,
                    5.074695464478928
                ],
                [
                    0.021197877639440105,
                    0.9995082444886609,
                    0.02310669129880626,
                    1.7992811463662228
                ],
                [
                    0.0,
                    0.0,
                    0.0,
                    1.0
                ]
            ],
            "colmap_im_id": 140
        }
    ],
    "applied_transform": [
        [
            1.0,
            0.0,
            0.0,
            0.0
        ],
        [
            0.0,
            0.0,
            1.0,
            0.0
        ],
        [
            -0.0,
            -1.0,
            -0.0,
            -0.0
        ]
    ],
    "ply_file_path": "sparse_pc.ply"
}