{
    "w": 1080,
    "h": 1920,
    "fl_x": 897.4854811799675,
    "fl_y": 898.1315590946771,
    "cx": 539.1109074769723,
    "cy": 965.0961154675257,
    "k1": -0.002954111234290199,
    "k2": 0.001566172496522791,
    "p1": 0.0015673955523137282,
    "p2": -0.0007927676848279648,
    "camera_model": "OPENCV",
    "frames": [
        {
            "file_path": "images/frame_00340.png",
            "transform_matrix": [
                [
                    0.8516693874989296,
                    0.16086811885194335,
                    -0.49877921241189943,
                    -1.6993552088443715
                ],
                [
                    -0.4957550398065903,
                    -0.06135082720618513,
                    -0.8662926852441285,
                    -4.261003876918546
                ],
                [
                    -0.1699593919251412,
                    0.985067268940631,
                    0.027500559235812183,
                    -1.7750372673710662
                ],
                [
                    0.0,
                    0.0,
                    0.0,
                    1.0
                ]
            ],
            "colmap_im_id": 340
        },
        {
            "file_path": "images/frame_00339.png",
            "transform_matrix": [
                [
                    0.8524416906095316,
                    0.15829417410790234,
                    -0.49828317105262604,
                    -1.7372720421376548
                ],
                [
                    -0.49437197516269404,
                    -0.06606047255679895,
                    -0.8667366175138262,
                    -4.145806940934312
                ],
                [
                    -0.17011617878526478,
                    0.9851796630102905,
                    0.021943502601688824,
                    -1.731146028498755
                ],
                [
                    0.0,
                    0.0,
                    0.0,
                    1.0
                ]
            ],
            "colmap_im_id": 339
        },
        {
            "file_path": "images/frame_00338.png",
            "transform_matrix": [
                [
                    0.854892052768836,
                    0.15584532134298693,
                    -0.4948452424022958,
                    -1.7701421324000373
                ],
                [
                    -0.4901624030493875,
                    -0.0699194046809445,
                    -0.8688222461964886,
                    -4.034149819956867
                ],
                [
                    -0.17000116690639364,
                    0.9853037666956134,
                    0.016615973817414906,
                    -1.6843819633502253
                ],
                [
                    0.0,
                    0.0,
                    0.0,
                    1.0
                ]
            ],
            "colmap_im_id": 338
        },
        {
            "file_path": "images/frame_00337.png",
            "transform_matrix": [
                [
                    0.8549552321532342,
                    0.15695625564237958,
                    -0.4943847538390855,
                    -1.7599940509132765
                ],
                [
                    -0.4899950089041365,
                    -0.06829445397293808,
                    -0.8690458899307753,
                    -3.954569581354425
                ],
                [
                    -0.17016592568091982,
                    0.9852413924370322,
                    0.01851908112983617,
                    -1.6480936310699668
                ],
                [
                    0.0,
                    0.0,
                    0.0,
                    1.0
                ]
            ],
            "colmap_im_id": 337
        },
        {
            "file_path": "images/frame_00336.png",
            "transform_matrix": [
                [
                    0.8558117045699539,
                    0.15712562837065752,
                    -0.49284669343538867,
                    -1.6999896321432788
                ],
                [
                    -0.4883124272831889,
                    -0.06900152139084156,
                    -0.8699366433290124,
                    -3.8996479629254317
                ],
                [
                    -0.17069651338521913,
                    0.9851651267451946,
                    0.017674087338655838,
                    -1.6306161196089701
                ],
                [
                    0.0,
                    0.0,
                    0.0,
                    1.0
                ]
            ],
            "colmap_im_id": 336
        },
        {
            "file_path": "images/frame_00335.png",
            "transform_matrix": [
                [
                    0.8594675355679626,
                    0.15491681835768686,
                    -0.4871512441682398,
                    -1.597574828378515
                ],
                [
                    -0.4814949610654682,
                    -0.07474057932771322,
                    -0.8732562328837516,
                    -3.864927644267901
                ],
                [
                    -0.17169204341872055,
                    0.985096251739742,
                    0.010354565901809214,
                    -1.6199259284574485
                ],
                [
                    0.0,
                    0.0,
                    0.0,
                    1.0
                ]
            ],
            "colmap_im_id": 335
        },
        {
            "file_path": "images/frame_00334.png",
            "transform_matrix": [
                [
                    0.8625590882268935,
                    0.15417562446937813,
                    -0.4818938639749079,
                    -1.4470282494581879
                ],
                [
                    -0.4758128036651511,
                    -0.07665674909890892,
                    -0.8761997025141559,
                    -3.8212887722498627
                ],
                [
                    -0.1720290533180316,
                    0.9850652869922195,
                    0.007237760526407635,
                    -1.5854287086484213
                ],
                [
                    0.0,
                    0.0,
                    0.0,
                    1.0
                ]
            ],
            "colmap_im_id": 334
        },
        {
            "file_path": "images/frame_00333.png",
            "transform_matrix": [
                [
                    0.8682036802330741,
                    0.1531357531188096,
                    -0.4719870874785464,
                    -1.300030093815873
                ],
                [
                    -0.46545699534880414,
                    -0.078309742236813,
                    -0.8815993249496437,
                    -3.7786968733138884
                ],
                [
                    -0.17196556373474683,
                    0.9850974699934718,
                    0.00328930111905286,
                    -1.5691655790143422
                ],
                [
                    0.0,
                    0.0,
                    0.0,
                    1.0
                ]
            ],
            "colmap_im_id": 333
        },
        {
            "file_path": "images/frame_00332.png",
            "transform_matrix": [
                [
                    0.8742427710926629,
                    0.15373930919774043,
                    -0.4605038566609655,
                    -1.1940073574951935
                ],
                [
                    -0.45423075719460193,
                    -0.07583354082475008,
                    -0.8876506594964032,
                    -3.742626731312649
                ],
                [
                    -0.17138843721394992,
                    0.9851971878225102,
                    0.0035361979550665983,
                    -1.549134242613445
                ],
                [
                    0.0,
                    0.0,
                    0.0,
                    1.0
                ]
            ],
            "colmap_im_id": 332
        },
        {
            "file_path": "images/frame_00331.png",
            "transform_matrix": [
                [
                    0.8798464657125771,
                    0.1540991289286468,
                    -0.44958164468372064,
                    -1.1356161213920402
                ],
                [
                    -0.44360533479634623,
                    -0.07316974099256485,
                    -0.8932303711491804,
                    -3.6869372472866244
                ],
                [
                    -0.17054179462321975,
                    0.985342401130954,
                    0.003981057670804792,
                    -1.5272467013010822
                ],
                [
                    0.0,
                    0.0,
                    0.0,
                    1.0
                ]
            ],
            "colmap_im_id": 331
        },
        {
            "file_path": "images/frame_00330.png",
            "transform_matrix": [
                [
                    0.8844590050664509,
                    0.15432048071133145,
                    -0.4403605994976017,
                    -1.1090439119783524
                ],
                [
                    -0.4348168599286834,
                    -0.06985706666241598,
                    -0.8978052620468885,
                    -3.617397819401565
                ],
                [
                    -0.16931203937884423,
                    0.9855481619232751,
                    0.005315435168484979,
                    -1.504809233890531
                ],
                [
                    0.0,
                    0.0,
                    0.0,
                    1.0
                ]
            ],
            "colmap_im_id": 330
        },
        {
            "file_path": "images/frame_00329.png",
            "transform_matrix": [
                [
                    0.8892750759834139,
                    0.15477399649912224,
                    -0.4303891834635054,
                    -1.0833139985792941
                ],
                [
                    -0.4257060740056928,
                    -0.063956455844616,
                    -0.9025984213981626,
                    -3.5511925632626675
                ],
                [
                    -0.16722493172177655,
                    0.9858775693581254,
                    0.009013348276961503,
                    -1.4875875127076963
                ],
                [
                    0.0,
                    0.0,
                    0.0,
                    1.0
                ]
            ],
            "colmap_im_id": 329
        },
        {
            "file_path": "images/frame_00328.png",
            "transform_matrix": [
                [
                    0.8960367434913238,
                    0.15577771837988663,
                    -0.41575408208437387,
                    -0.9871357664518453
                ],
                [
                    -0.41255116802402736,
                    -0.05392065784982845,
                    -0.9093371742203507,
                    -3.4882971580278164
                ],
                [
                    -0.1640722038478007,
                    0.9863193524986716,
                    0.015951389003070127,
                    -1.4799055855770253
                ],
                [
                    0.0,
                    0.0,
                    0.0,
                    1.0
                ]
            ],
            "colmap_im_id": 328
        },
        {
            "file_path": "images/frame_00327.png",
            "transform_matrix": [
                [
                    0.9019396207089992,
                    0.15427813691252887,
                    -0.40336481882547176,
                    -0.8648955561060924
                ],
                [
                    -0.4008632458867297,
                    -0.048401323396722436,
                    -0.9148584425967775,
                    -3.4554282378209082
                ],
                [
                    -0.16066604710536056,
                    0.9868412072690546,
                    0.018189363465860135,
                    -1.4675158438162046
                ],
                [
                    0.0,
                    0.0,
                    0.0,
                    1.0
                ]
            ],
            "colmap_im_id": 327
        },
        {
            "file_path": "images/frame_00326.png",
            "transform_matrix": [
                [
                    0.9118375988333491,
                    0.1498092247616908,
                    -0.38224257943109036,
                    -0.6464174284406062
                ],
                [
                    -0.3805847172070731,
                    -0.0407366544698885,
                    -0.9238483631045807,
                    -3.408509287129456
                ],
                [
                    -0.15397229095601753,
                    0.9878753570966845,
                    0.01986988824461196,
                    -1.445381922962949
                ],
                [
                    0.0,
                    0.0,
                    0.0,
                    1.0
                ]
            ],
            "colmap_im_id": 326
        },
        {
            "file_path": "images/frame_00325.png",
            "transform_matrix": [
                [
                    0.9221646401764161,
                    0.14454026783356272,
                    -0.35877637517387223,
                    -0.5077637835384878
                ],
                [
                    -0.35769273408254004,
                    -0.034325947794022905,
                    -0.9332082496916748,
                    -3.366440427414958
                ],
                [
                    -0.14720150947887206,
                    0.9889033523467518,
                    0.020046828290220028,
                    -1.4305213597140447
                ],
                [
                    0.0,
                    0.0,
                    0.0,
                    1.0
                ]
            ],
            "colmap_im_id": 325
        },
        {
            "file_path": "images/frame_00324.png",
            "transform_matrix": [
                [
                    0.9315090258364788,
                    0.1402396717230439,
                    -0.33559465022581525,
                    -0.42741057325661197
                ],
                [
                    -0.3351186494940857,
                    -0.02771223714133382,
                    -0.9417682956406436,
                    -3.323759899234194
                ],
                [
                    -0.14137335515023522,
                    0.9897296935970119,
                    0.021182730370047063,
                    -1.4206815278134493
                ],
                [
                    0.0,
                    0.0,
                    0.0,
                    1.0
                ]
            ],
            "colmap_im_id": 324
        },
        {
            "file_path": "images/frame_00323.png",
            "transform_matrix": [
                [
                    0.9433588000952052,
                    0.13162315837744387,
                    -0.3045480560793003,
                    -0.36064073376106265
                ],
                [
                    -0.30471953733135826,
                    -0.019333781317353322,
                    -0.9522458760575104,
                    -3.2625911431112016
                ],
                [
                    -0.1312256752754477,
                    0.9911112697768697,
                    0.021869455178025285,
                    -1.3922689567927946
                ],
                [
                    0.0,
                    0.0,
                    0.0,
                    1.0
                ]
            ],
            "colmap_im_id": 323
        },
        {
            "file_path": "images/frame_00322.png",
            "transform_matrix": [
                [
                    0.9518095448089868,
                    0.12251682101657754,
                    -0.28115515107943706,
                    -0.3183040845273115
                ],
                [
                    -0.2814105645615513,
                    -0.01557465891811407,
                    -0.9594610592164401,
                    -3.220239639886224
                ],
                [
                    -0.12192901444552953,
                    0.992344223829401,
                    0.019653418755156228,
                    -1.3838984965769192
                ],
                [
                    0.0,
                    0.0,
                    0.0,
                    1.0
                ]
            ],
            "colmap_im_id": 322
        },
        {
            "file_path": "images/frame_00321.png",
            "transform_matrix": [
                [
                    0.9599908050859484,
                    0.11283233761849712,
                    -0.2562938113532556,
                    -0.2353022162409052
                ],
                [
                    -0.25670716609219507,
                    -0.011099251292386057,
                    -0.9664254950577736,
                    -3.188423213421886
                ],
                [
                    -0.1118887171583751,
                    0.9935520470555602,
                    0.01830969044957322,
                    -1.375572361698944
                ],
                [
                    0.0,
                    0.0,
                    0.0,
                    1.0
                ]
            ],
            "colmap_im_id": 321
        },
        {
            "file_path": "images/frame_00320.png",
            "transform_matrix": [
                [
                    0.9675573067903961,
                    0.10200031783434274,
                    -0.23114669203388583,
                    -0.0896188838358933
                ],
                [
                    -0.2314540196863131,
                    -0.008975465041562687,
                    -0.9728044396477309,
                    -3.1590832393200055
                ],
                [
                    -0.10130101108855125,
                    0.9947438746677362,
                    0.014924106789234413,
                    -1.3685974645328016
                ],
                [
                    0.0,
                    0.0,
                    0.0,
                    1.0
                ]
            ],
            "colmap_im_id": 320
        },
        {
            "file_path": "images/frame_00319.png",
            "transform_matrix": [
                [
                    0.9751534930751762,
                    0.09002201902033449,
                    -0.2024146759372577,
                    0.09078873625814039
                ],
                [
                    -0.20237102296707982,
                    -0.009708160336583392,
                    -0.9792608032011375,
                    -3.161769463235724
                ],
                [
                    -0.09012010878011728,
                    0.9958924579061647,
                    0.00875090161515381,
                    -1.3567397786826163
                ],
                [
                    0.0,
                    0.0,
                    0.0,
                    1.0
                ]
            ],
            "colmap_im_id": 319
        },
        {
            "file_path": "images/frame_00318.png",
            "transform_matrix": [
                [
                    0.9820254851342631,
                    0.07834585594423837,
                    -0.17172033485635874,
                    0.23837123278682
                ],
                [
                    -0.171631581368958,
                    -0.007915722884977107,
                    -0.9851294034836229,
                    -3.183825175921076
                ],
                [
                    -0.07854009691619983,
                    0.996894813000636,
                    0.005673181543106176,
                    -1.3260583886592885
                ],
                [
                    0.0,
                    0.0,
                    0.0,
                    1.0
                ]
            ],
            "colmap_im_id": 318
        },
        {
            "file_path": "images/frame_00317.png",
            "transform_matrix": [
                [
                    0.9873262096195674,
                    0.06672963092116872,
                    -0.14399344483476545,
                    0.3213143192002097
                ],
                [
                    -0.14375101104995391,
                    -0.008445757867842001,
                    -0.9895778473653065,
                    -3.194739793870011
                ],
                [
                    -0.06725029829208241,
                    0.9977353484422422,
                    0.0012537338088871818,
                    -1.3228299818680183
                ],
                [
                    0.0,
                    0.0,
                    0.0,
                    1.0
                ]
            ],
            "colmap_im_id": 317
        },
        {
            "file_path": "images/frame_00316.png",
            "transform_matrix": [
                [
                    0.9912575831849708,
                    0.056432879820128574,
                    -0.11926329633838464,
                    0.3451406695917315
                ],
                [
                    -0.11875178160892239,
                    -0.012344396798545303,
                    -0.9928472340860837,
                    -3.201748903793649
                ],
                [
                    -0.05750146209443054,
                    0.9983300786527906,
                    -0.005534971916439826,
                    -1.3379455103936582
                ],
                [
                    0.0,
                    0.0,
                    0.0,
                    1.0
                ]
            ],
            "colmap_im_id": 316
        },
        {
            "file_path": "images/frame_00315.png",
            "transform_matrix": [
                [
                    0.9938792138112941,
                    0.047065723827913804,
                    -0.09994461463429953,
                    0.34902338744289785
                ],
                [
                    -0.09947343321267847,
                    -0.012255006971190759,
                    -0.9949647485660076,
                    -3.2152443992013193
                ],
                [
                    -0.04805355802359373,
                    0.9988166160235272,
                    -0.0074982075579766464,
                    -1.3429456478001043
                ],
                [
                    0.0,
                    0.0,
                    0.0,
                    1.0
                ]
            ],
            "colmap_im_id": 315
        },
        {
            "file_path": "images/frame_00314.png",
            "transform_matrix": [
                [
                    0.9956690339406562,
                    0.03883292792586164,
                    -0.08446998615120754,
                    0.37679387735374853
                ],
                [
                    -0.08403446031577057,
                    -0.01271699839998348,
                    -0.9963816976596529,
                    -3.2123310127730598
                ],
                [
                    -0.039766623330596496,
                    0.9991647920440351,
                    -0.009398617370805423,
                    -1.3547345440338443
                ],
                [
                    0.0,
                    0.0,
                    0.0,
                    1.0
                ]
            ],
            "colmap_im_id": 314
        },
        {
            "file_path": "images/frame_00313.png",
            "transform_matrix": [
                [
                    0.9969657780800927,
                    0.03166102019160779,
                    -0.07111130105392553,
                    0.4731450751881909
                ],
                [
                    -0.07077438417256648,
                    -0.011639254594662439,
                    -0.9974244403950981,
                    -3.195858383875149
                ],
                [
                    -0.03240715788447663,
                    0.9994308918344015,
                    -0.009363149306903698,
                    -1.358138399014367
                ],
                [
                    0.0,
                    0.0,
                    0.0,
                    1.0
                ]
            ],
            "colmap_im_id": 313
        },
        {
            "file_path": "images/frame_00312.png",
            "transform_matrix": [
                [
                    0.9978828289955906,
                    0.025305456352844893,
                    -0.05991238164629348,
                    0.6343613246913398
                ],
                [
                    -0.05961259624847802,
                    -0.012440092252104505,
                    -0.998144068996693,
                    -3.172614301717461
                ],
                [
                    -0.02600380672657,
                    0.9996023599329551,
                    -0.010905230497050545,
                    -1.3432465921075356
                ],
                [
                    0.0,
                    0.0,
                    0.0,
                    1.0
                ]
            ],
            "colmap_im_id": 312
        },
        {
            "file_path": "images/frame_00311.png",
            "transform_matrix": [
                [
                    0.9986237926345741,
                    0.02018054907573521,
                    -0.04840729514382273,
                    0.803503533061906
                ],
                [
                    -0.048186487464137596,
                    -0.011288218678444135,
                    -0.9987745684312032,
                    -3.1632149723896865
                ],
                [
                    -0.020702251327037603,
                    0.9997326250343485,
                    -0.010300253973698993,
                    -1.3208849522717436
                ],
                [
                    0.0,
                    0.0,
                    0.0,
                    1.0
                ]
            ],
            "colmap_im_id": 311
        },
        {
            "file_path": "images/frame_00310.png",
            "transform_matrix": [
                [
                    0.9991375340935067,
                    0.016854244317956783,
                    -0.037948944834047336,
                    0.9194629614605354
                ],
                [
                    -0.037748580792937324,
                    -0.01205130777538354,
                    -0.999214596885485,
                    -3.138854248300408
                ],
                [
                    -0.01729834135592282,
                    0.9997853271724754,
                    -0.011404690129958314,
                    -1.3215320741312913
                ],
                [
                    0.0,
                    0.0,
                    0.0,
                    1.0
                ]
            ],
            "colmap_im_id": 310
        },
        {
            "file_path": "images/frame_00309.png",
            "transform_matrix": [
                [
                    0.9993775802835805,
                    0.015140585550986569,
                    -0.031862433926313126,
                    0.9785833265241959
                ],
                [
                    -0.03168309144643393,
                    -0.011941003366784284,
                    -0.9994266327024666,
                    -3.1185657385123737
                ],
                [
                    -0.015512373865154175,
                    0.9998140702689515,
                    -0.011453870494290502,
                    -1.314006781604786
                ],
                [
                    0.0,
                    0.0,
                    0.0,
                    1.0
                ]
            ],
            "colmap_im_id": 309
        },
        {
            "file_path": "images/frame_00308.png",
            "transform_matrix": [
                [
                    0.9994664708504322,
                    0.014455669099883895,
                    -0.02928834711377748,
                    1.0022586022271205
                ],
                [
                    -0.029129579478522474,
                    -0.011074112253192072,
                    -0.9995142978653221,
                    -3.114463322012671
                ],
                [
                    -0.014772990394192316,
                    0.9998341850870465,
                    -0.010647116329539118,
                    -1.296444944520272
                ],
                [
                    0.0,
                    0.0,
                    0.0,
                    1.0
                ]
            ],
            "colmap_im_id": 308
        },
        {
            "file_path": "images/frame_00307.png",
            "transform_matrix": [
                [
                    0.9993916347677465,
                    0.01516699055633257,
                    -0.031405775801841535,
                    1.0191479056975772
                ],
                [
                    -0.031222765511713206,
                    -0.012156110849271172,
                    -0.999438526315061,
                    -3.0984196815777394
                ],
                [
                    -0.015540246782210014,
                    0.9998110778374505,
                    -0.011675160104412313,
                    -1.302602970390087
                ],
                [
                    0.0,
                    0.0,
                    0.0,
                    1.0
                ]
            ],
            "colmap_im_id": 307
        },
        {
            "file_path": "images/frame_00306.png",
            "transform_matrix": [
                [
                    0.9991916994876433,
                    0.01677721851098663,
                    -0.036530434079405004,
                    1.0750682703921997
                ],
                [
                    -0.036372880828233686,
                    -0.009602047110298044,
                    -0.9992921565946301,
                    -3.0825863770924227
                ],
                [
                    -0.017116109816493256,
                    0.9998131453578345,
                    -0.008984050001169764,
                    -1.2853229005656088
                ],
                [
                    0.0,
                    0.0,
                    0.0,
                    1.0
                ]
            ],
            "colmap_im_id": 306
        },
        {
            "file_path": "images/frame_00305.png",
            "transform_matrix": [
                [
                    0.999033964111783,
                    0.01881444039247593,
                    -0.03971341566541814,
                    1.189616390307785
                ],
                [
                    -0.03954312439556051,
                    -0.00933841587583736,
                    -0.9991742267002123,
                    -3.0479098871966404
                ],
                [
                    -0.019169764321283048,
                    0.9997793810744686,
                    -0.008585412874089675,
                    -1.2705680038305498
                ],
                [
                    0.0,
                    0.0,
                    0.0,
                    1.0
                ]
            ],
            "colmap_im_id": 305
        },
        {
            "file_path": "images/frame_00304.png",
            "transform_matrix": [
                [
                    0.9990032478077571,
                    0.020823073133249714,
                    -0.03948304059771017,
                    1.3473317080384746
                ],
                [
                    -0.03928473399831532,
                    -0.00984815741800983,
                    -0.9991795251455825,
                    -3.0027110850253496
                ],
                [
                    -0.021194823524500108,
                    0.9997346715107751,
                    -0.009020312356446696,
                    -1.2569152452597998
                ],
                [
                    0.0,
                    0.0,
                    0.0,
                    1.0
                ]
            ],
            "colmap_im_id": 304
        },
        {
            "file_path": "images/frame_00303.png",
            "transform_matrix": [
                [
                    0.9990232855745638,
                    0.022846519536830298,
                    -0.03782210233258641,
                    1.5042530665825153
                ],
                [
                    -0.03760451964826676,
                    -0.00987952753868298,
                    -0.9992438616462126,
                    -2.967137102835012
                ],
                [
                    -0.02320290890872362,
                    0.9996901677423189,
                    -0.009010745668802207,
                    -1.2453535497647976
                ],
                [
                    0.0,
                    0.0,
                    0.0,
                    1.0
                ]
            ],
            "colmap_im_id": 303
        },
        {
            "file_path": "images/frame_00302.png",
            "transform_matrix": [
                [
                    0.9990826309625332,
                    0.024663522770587632,
                    -0.03500867254734576,
                    1.6153366019091366
                ],
                [
                    -0.03480601243409051,
                    -0.00859904435712738,
                    -0.9993570923021371,
                    -2.9545928108728976
                ],
                [
                    -0.024948707530060774,
                    0.9996588253402704,
                    -0.007732716979860802,
                    -1.2310990548912217
                ],
                [
                    0.0,
                    0.0,
                    0.0,
                    1.0
                ]
            ],
            "colmap_im_id": 302
        },
        {
            "file_path": "images/frame_00301.png",
            "transform_matrix": [
                [
                    0.9990672259823948,
                    0.026086262823280717,
                    -0.034411987152110135,
                    1.667785559523716
                ],
                [
                    -0.03422735178794021,
                    -0.007491779305972469,
                    -0.999385992313488,
                    -2.937821590111701
                ],
                [
                    -0.026328052670618416,
                    0.9996316222162769,
                    -0.00659192747440513,
                    -1.2273148770884417
                ],
                [
                    0.0,
                    0.0,
                    0.0,
                    1.0
                ]
            ],
            "colmap_im_id": 301
        },
        {
            "file_path": "images/frame_00300.png",
            "transform_matrix": [
                [
                    0.999091708641228,
                    0.0263890016473123,
                    -0.033457111596937796,
                    1.6820728645373852
                ],
                [
                    -0.03330210022144417,
                    -0.006291982209749941,
                    -0.999425525529898,
                    -2.931932472610416
                ],
                [
                    -0.02658435339053199,
                    0.9996319480448443,
                    -0.005407458079076626,
                    -1.2222522300356475
                ],
                [
                    0.0,
                    0.0,
                    0.0,
                    1.0
                ]
            ],
            "colmap_im_id": 300
        },
        {
            "file_path": "images/frame_00299.png",
            "transform_matrix": [
                [
                    0.9991039545394391,
                    0.025100694985590092,
                    -0.03407701769366883,
                    1.6936659269450025
                ],
                [
                    -0.03400809963297074,
                    -0.0031675699042329445,
                    -0.9994165376159512,
                    -2.938884729964853
                ],
                [
                    -0.025193991009924994,
                    0.9996799095771317,
                    -0.0023111046816724893,
                    -1.2251693387616638
                ],
                [
                    0.0,
                    0.0,
                    0.0,
                    1.0
                ]
            ],
            "colmap_im_id": 299
        },
        {
            "file_path": "images/frame_00298.png",
            "transform_matrix": [
                [
                    0.9992323781660092,
                    0.022061686482521634,
                    -0.03237184601236998,
                    1.7377744562691013
                ],
                [
                    -0.03238235605008344,
                    0.00011921799069839724,
                    -0.9994755468763188,
                    -2.928769296935296
                ],
                [
                    -0.022046256855695404,
                    0.9997566042675675,
                    0.0008335358631080611,
                    -1.2310480548769138
                ],
                [
                    0.0,
                    0.0,
                    0.0,
                    1.0
                ]
            ],
            "colmap_im_id": 298
        },
        {
            "file_path": "images/frame_00297.png",
            "transform_matrix": [
                [
                    0.9996304178651864,
                    0.015436677439039,
                    -0.02237714611643006,
                    1.8774925489043002
                ],
                [
                    -0.022407185994514616,
                    0.0017757810730169446,
                    -0.9997473503927818,
                    -2.895282574209699
                ],
                [
                    -0.01539304045600558,
                    0.9998792705078067,
                    0.002121017278570892,
                    -1.20715135975475
                ],
                [
                    0.0,
                    0.0,
                    0.0,
                    1.0
                ]
            ],
            "colmap_im_id": 297
        },
        {
            "file_path": "images/frame_00296.png",
            "transform_matrix": [
                [
                    0.9998616431532601,
                    0.010237852756511925,
                    -0.013110336448719997,
                    1.9888807902786323
                ],
                [
                    -0.013111951248566935,
                    9.062054769999705e-05,
                    -0.9999140305658141,
                    -2.8760659894803786
                ],
